3149
4812
1068
1686
5524
7007
928
2466
1831
3148
5720
1555
3107
915
4598
6937
3658
1614
4727
5266
4732
5418
2092
6756
6456
1320
4068
1651
2337
1180
700
1155
274
3949
3891
706
5211
2826
7006
253
5307
5467
6106
3944
2653
1428
2902
5488
3674
791
3452
5464
2147
4318
539
2071
1819
2501
6397
284
1139
4277
1773
2178
5234
1514
3699
1932
5450
6605
1425
1502
2736
1191
1129
2340
6809
1195
1727
6782
4404
5506
2118
972
1948
400
3769
3255
2771
2430
2058
1975
7102
1510
6063
5955
5038
2751
6227
863
2573
824
424
4998
1632
308
770
4635
515
5005
4942
7051
3448
4417
98
3806
1216
2614
3911
5980
2903
2339
2212
6019
2766
2863
5310
5483
2497
4943
5039
4445
848
3356
6146
5021
5026
742
5162
849
3291
2228
3897
3471
7090
144
1017
6829
2400
3215
2324
1379
1972
4618
6637
6292
704
4034
261
5903
703
4493
4546
4400
3554
3802
1825
7042
6294
856
3433
628
4456
5244
3473
968
1834
1333
2877
1491
4204
6127
3326
324
3502
5573
4265
3631
3632
1125
966
7017
480
518
4105
5701
7044
2276
2030
2004
4138
3437
701
342
4710
6920
3401
2557
141
4489
2114
5248
6747
290
1587
6822
1338
1943
1061
971
1298
3833
204
5369
1652
5078
5927
4424
6378
603
4484
6162
1665
5019
1913
468
2284
6827
6788
2300
6418
1460
5484
4232
3888
2370
2320
3126
4328
4566
3786
4525
1117
2735
678
4287
6126
3659
165
6904
2188
5600
5122
649
2654
4895
3422
5126
2085
2439
1207
2265
7078
5973
2750
3280
2145
4755
4692
6112
4593
5309
6551
372
6163
4189
2951
6047
837
3968
2724
3583
1839
1742
2235
6859
4971
3103
1106
979
4187
5538
803
7083
2279
2128
4035
1373
4562
2580
2313
2093
6422
6542
1991
648
3598
1288
1074
4795
6520
5123
275
4915
4432
1275
428
4102
6252
3015
6029
2195
2871
4157
2264
2907
3634
3478
1490
3893
4155
1300
1166
1313
2524
2083
3474
3536
4332
2782
2368
1541
5513
3570
1361
6250
1027
4343
886
4655
4887
2469
183
6719
1620
35
4965
5572
4869
5751
1368
3959
241
2583
6059
5392
1097
4532
4145
224
2612
2170
3764
6343
3466
1764
392
292
6615
6474
2825
3265
4380
2325
3743
6838
5451
3310
5477
5373
1148
1961
1629
6428
2122
2076
6375
7055
1204
1239
1043
5001
1710
3826
6776
418
4378
2961
2618
5132
1693
6386
2946
2592
3377
4787
55
2851
5517
82
1558
5391
3029
2341
2194
3161
6697
6730
5919
1000
546
3568
2027
329
5769
3100
2673
1217
3295
414
450
3143
2415
5875
787
5205
5643
813
1374
1001
5671
512
42
4421
4929
559
3124
3532
638
4173
201
2722
268
1071
5675
6622
6655
6121
4161
6035
4258
6777
5440
402
3170
2053
6806
4298
4408
6113
6448
7013
5624
1589
2117
4331
4224
2933
1377
6749
3153
3252
2271
2051
1150
6670
3339
6094
6333
4390
6111
5272
1506
6320
7043
6012
4096
4391
5791
3505
6416
990
2795
2097
5870
6919
4293
5550
1885
1465
2521
7012
2965
6229
5617
1835
5553
5650
6216
1323
6742
3970
4860
452
6444
2389
4285
593
6883
5465
1021
1762
6614
6431
6118
5741
3771
734
6888
2314
4041
6873
860
6817
4968
5860
1084
4053
4723
4691
46
4106
6582
4658
4305
5727
5726
5954
1591
4226
2526
3030
4496
4126
6039
2343
2852
6123
6555
5280
6579
6158
2997
3559
5515
1883
6153
499
1822
2890
1365
865
190
4959
4578
2505
3158
1966
6312
2242
3366
338
4888
4070
5689
6345
1462
4403
3985
4411
5530
60
6724
1267
2955
5778
2287
998
1076
2163
4935
3929
3434
1616
528
2990
1508
2674
4979
460
5460
5967
4057
3489
7038
2156
3615
1427
5798
5869
2184
3210
1112
4520
693
6287
5314
4817
4526
5213
2209
5183
1364
2416
6425
3723
1477
5239
4235
4589
267
6554
5046
139
5576
3342
4125
6646
1421
527
4856
3787
6255
1476
3444
1578
6507
440
3284
5102
4337
2233
1302
4673
6430
1942
3835
2256
5817
3735
1196
2452
475
4007
1821
2976
1659
272
5131
5997
533
6805
1205
1282
3387
800
404
6424
6781
5224
1453
3330
4168
7093
5561
3788
5929
5242
151
150
7030
1571
2677
164
1179
4689
3718
6189
3120
6246
2080
355
537
6649
469
5158
443
5454
3810
5329
4086
3418
3736
6330
6594
5055
4745
927
2883
1270
3408
360
5049
4981
4865
2269
2349
3250
1799
4701
4016
1306
2429
4159
2471
3813
1563
1894
4758
722
4006
6557
5888
1130
1434
1058
4512
3073
1579
1069
7085
4302
3283
6337
715
6295
577
2642
694
831
737
3704
3805
4563
6772
2874
1521
389
5563
4437
789
6207
4214
6930
2272
439
2710
4056
4160
2579
3343
226
2714
3117
5584
5260
1895
3260
230
771
6269
2835
5543
4350
5599
5101
5152
1661
279
631
6170
5325
6152
300
3479
3562
1211
2569
4388
6090
1747
2858
326
4321
755
1402
1249
3791
4050
4825
6710
644
5024
2613
5408
938
3070
337
1577
4066
6688
2901
4372
4653
1188
2257
147
3584
2262
6356
3611
4344
239
3243
5608
7022
6325
4678
366
5228
507
4338
2310
2606
1889
4216
5276
6489
1269
4776
1429
4759
5784
6209
2077
7050
3980
3820
4707
2240
3324
4377
2966
870
112
3653
2934
4977
7041
6971
6929
6174
5859
3572
4492
1535
1036
4027
5750
4527
6725
5238
330
429
1765
4227
127
522
6457
5562
6589
1080
5344
4961
735
5274
1400
3578
3190
665
1601
497
4729
3386
478
6463
2025
4535
3998
3821
2550
3902
4924
1165
3582
6258
477
634
5149
236
4625
3757
5303
4474
88
4451
6084
2046
5311
1610
4670
5060
732
2345
4322
2959
3306
2775
3773
3920
6140
4815
2060
639
4401
6187
4986
572
1142
2910
6314
1722
724
6545
3311
1859
4309
4780
2633
4654
627
1114
815
2472
3844
5481
4938
4574
335
4022
5920
5145
5937
5775
501
3652
6452
6994
2971
716
1393
861
5486
3824
270
4047
3171
4142
3979
3907
671
1516
6882
3043
5301
5322
757
3021
4363
4481
635
3472
1493
368
1272
3571
6380
6757
1177
4111
6794
4582
6899
6530
3958
5636
105
6043
1945
6604
5542
3248
4980
5970
3862
5153
1404
2897
2303
6824
5876
3363
1548
6302
761
5800
322
1813
1501
596
2984
7103
4886
5716
2644
6926
2658
1981
3072
2812
2543
3680
6251
1472
749
2841
748
2013
1795
6852
4244
4501
4569
2034
1599
5703
1692
3093
4176
2213
4311
5168
6073
1144
4868
4914
642
4405
5225
4280
3868
4186
3288
3042
4949
5120
6932
6326
1550
844
2574
3081
6758
5502
4828
4254
2619
2055
750
495
1805
4806
645
4188
5536
6620
2305
211
629
3453
5468
3726
3388
615
4726
3811
2032
780
320
2098
2352
6142
1575
799
1908
899
2167
686
5029
5249
5022
964
5824
6884
3599
3593
232
18
609
3011
6740
5143
956
178
523
3027
1340
6017
449
5981
2166
2206
2422
6706
6948
3041
2980
5953
5289
1381
1673
1698
5913
4822
1436
5358
4312
1354
2041
4684
4804
679
566
3517
3134
3475
398
4002
661
5337
4503
3843
2263
1023
4263
6466
807
4032
4133
4355
4677
3236
1050
4319
6987
775
6262
4517
3395
654
3882
1468
45
4988
489
5949
3384
2218
630
1882
5621
4477
5207
3997
5934
5226
493
5389
1246
3636
1215
1158
1328
4652
4834
411
2639
4675
4206
6641
5631
1607
388
5057
3943
394
4356
3279
6427
839
22
5601
3062
3950
5648
3793
6721
2700
6695
6860
5210
1787
4871
6831
2924
3214
6928
4519
4304
6569
4156
57
4246
6429
1683
5952
1775
1534
846
6025
3879
210
6524
4268
3529
3458
135
3189
570
175
969
6720
4039
7106
4781
4932
1401
1862
3204
3297
6509
2664
2527
2562
1662
2432
222
2253
48
3112
265
2017
6336
5504
3909
6602
3807
1609
709
4055
1308
3661
2374
4242
5196
1912
6076
5432
6086
5127
6983
2545
696
1141
2090
2445
1200
5331
3499
1042
6308
4422
5960
3228
4671
6238
2694
2836
1553
6291
5305
5554
2978
5255
1480
1293
6334
6621
4920
6763
4197
3513
6893
6868
1488
1376
4608
1202
4094
7029
5521
1930
3221
5851
4406
3101
3908
818
4615
212
3440
3333
4025
974
6537
2488
7068
674
5878
879
6689
5027
5426
2022
5923
5645
5691
5065
3818
5262
4975
3967
5166
816
1735
4067
5777
847
2824
525
529
5749
6363
415
2096
4837
4570
1950
2047
889
4303
472
4427
5156
2248
2260
2707
5670
4061
3665
2373
6789
3037
3130
2219
2637
6961
7015
3197
6138
5147
843
3832
5286
3296
2593
44
2455
1866
4467
3965
467
4464
138
2317
4419
6906
4859
6946
2682
793
4153
3613
1089
2249
5449
5009
6752
3123
5363
2012
2788
5064
896
595
5815
3219
6952
5982
1829
6681
3229
5470
3430
610
4619
4561
5695
6044
4666
1696
1120
145
5405
6286
2232
5962
2054
6770
5088
2427
2451
3739
2121
5148
7059
6263
6413
2476
4208
1884
3684
465
2424
1184
5975
2689
5006
3348
777
6222
3116
1119
2809
1111
3102
898
4450
3657
5985
5042
233
6228
4181
855
7107
5890
7060
6796
7046
1968
5452
4381
5480
4174
1538
285
2756
4446
3165
5505
4907
5381
2627
6876
484
885
3020
5978
4
6144
1060
5763
3154
727
2435
3789
311
1209
1033
2962
5999
5469
1496
2690
6736
4674
3667
3746
2723
3624
4584
6352
2631
3637
4504
1312
3232
4393
390
3588
3199
2251
3797
492
637
271
4366
4079
1469
1963
341
490
1503
3710
2758
3938
790
3397
2319
3558
5544
2849
6476
809
3415
1152
3845
1414
3390
6219
5744
5444
3755
564
177
5770
4876
3966
2221
6402
6514
2434
5473
1939
5383
6245
3527
5830
4472
216
825
4634
2494
3206
5420
1026
6513
4913
4116
2384
5028
561
90
3892
7084
3184
5808
1916
1720
2186
3125
2508
4282
3981
6643
1395
2283
2348
6769
4274
6203
3830
5137
3952
407
6128
5891
4543
282
3841
6964
6156
2312
1237
3274
6468
6261
2001
1783
633
4230
6738
97
2522
3716
6379
6283
1072
4171
1594
1771
1206
4765
2298
6234
6001
4434
1993
6595
6232
5190
4193
6861
4685
7069
2519
2786
5825
2757
1709
254
2609
4442
5690
4991
2568
3829
5208
4043
3323
5787
1169
1776
5108
4081
1701
1309
5637
393
4433
1347
3272
1573
1287
1581
2741
3643
4905
3579
4588
5905
3519
2038
1278
6102
3312
5655
3225
6898
2428
6762
1012
6394
4917
7072
3589
5679
2704
2620
4335
1154
6849
6692
3362
5868
4557
2589
289
240
1691
2231
626
3605
827
6467
115
442
2749
2410
3468
652
5377
6018
3361
376
711
6654
4641
4453
6590
1212
327
5510
3561
2540
4739
3819
2516
6669
1888
6858
3656
5066
3477
5456
5257
5399
5957
3648
2390
6674
228
5141
4939
6493
632
1008
3592
2538
2137
5762
6164
5493
6671
5950
7061
1355
1944
2160
3996
357
3673
2477
1037
3962
1890
4323
159
4940
1499
6009
5511
2049
7031
1261
5909
3087
1994
4238
193
2790
5551
2769
6606
5865
5220
4626
6618
6305
579
6652
1140
4051
2831
1039
4336
2066
901
6708
6894
4313
1675
2530
2755
6820
4633
6525
6623
5343
3141
5372
4137
2301
6924
6324
6445
4175
6204
4113
5944
4340
1788
1936
713
5044
5118
1836
6440
2626
4276
6634
4237
1741
4497
2840
5598
2174
6275
1452
6190
3017
2967
3883
4062
1650
3715
3338
6967
384
1083
4394
3059
6008
2102
1695
3053
662
109
3003
1528
6616
3727
2222
2622
699
2456
4117
6160
3542
3612
910
7027
4141
4604
6673
2086
3086
2993
2288
712
1941
6134
2983
4941
1612
2702
5466
6656
4813
5760
1763
2254
3515
3539
6866
5457
5135
1138
1956
219
1227
3633
1214
4308
1064
819
4272
2678
2906
6502
1671
1505
3725
6471
3960
3614
2133
6243
5198
3168
5478
2064
5836
526
7087
4711
2295
3105
3711
5222
3689
2846
5540
600
6700
6576
1922
2180
4622
252
2768
3278
6997
1479
4075
4324
2797
4706
5212
7066
921
92
3838
2454
5586
6766
6341
2050
1877
5803
180
6912
604
5106
6887
2705
6573
3301
1201
3601
4889
32
179
3196
134
5496
2461
1827
3724
2267
717
64
2904
6881
5883
312
3903
655
1198
667
3365
6367
3887
6645
6985
5287
3049
967
3627
3441
5541
76
6109
4903
1881
2774
6264
181
276
3817
5098
3654
5672
1938
7057
582
657
3449
161
5641
247
509
2546
4785
5068
6837
5956
4459
3576
3865
1515
4375
4505
6785
3057
5033
2767
3088
6716
3034
3109
1004
5715
4693
491
3396
3234
7081
53
1135
2302
1461
1933
720
136
3319
1458
2318
5656
1674
1954
6307
5491
583
6696
3691
3451
3457
3859
3051
4345
4064
5857
1726
3905
6703
1123
4256
1332
1849
6240
6360
1688
3622
5016
3334
3147
4854
2608
6865
273
1430
303
1712
4412
298
6495
5339
4751
2079
5823
4724
858
905
6879
3530
6584
1314
5471
1295
1640
6208
714
4909
5128
1871
4443
2839
6005
2925
2411
3842
2386
137
2003
5805
1410
6854
1869
5816
6265
4858
3166
4148
1569
3235
5048
5416
5771
3373
756
93
1417
4636
5315
2441
4154
2187
608
5693
5374
2813
6842
4108
3706
6944
2737
6371
5570
4029
1951
2332
128
1719
3782
6927
251
6691
6709
4397
3856
3450
5939
4005
281
186
6755
4820
1223
3510
4730
5912
5229
2175
6034
6239
6702
2969
4966
1606
947
5043
6437
3159
6556
1707
4428
4010
702
768
3239
5351
6000
2693
2211
1081
4767
1904
3128
1970
3749
1500
5355
4632
1370
4357
6712
3261
4537
6364
347
1250
3136
4782
2920
203
5993
280
1459
2646
4118
2409
6293
891
1315
5423
5433
4772
1387
872
6741
1408
5075
4310
2988
1440
3626
5366
4203
4836
7054
3935
3901
1031
3309
6568
2599
3258
591
5722
1115
4645
2989
3940
6080
1369
6679
6382
2621
999
4892
6880
6045
1785
4092
5827
747
6780
4579
5828
5202
5047
1164
1162
1876
1389
5753
3851
557
1492
2268
419
6811
1392
581
2548
5972
463
4202
2130
1105
6473
66
3469
4956
1271
4139
3092
4587
3266
2132
2651
6274
6612
2687
4571
5657
1536
689
5977
6024
1842
1443
2495
1909
1334
5492
6535
959
154
3420
1450
524
1014
1990
2499
5743
2474
3180
4228
25
3224
4347
277
4026
1063
3834
2014
332
363
3023
4085
3399
288
4737
5609
2358
5394
5611
4867
6446
6400
1426
4668
6905
4469
2378
6199
3961
4384
3121
3694
3557
4756
764
6074
4984
1840
1817
2588
6260
4715
6407
169
2487
6277
1513
2155
3251
6657
597
3563
6420
4327
4982
6212
3172
2760
3551
2043
5813
5104
1905
5539
7077
878
2398
4779
5886
1091
4830
1986
6157
4296
4699
6921
2777
3693
1444
1307
560
6220
2241
3957
5567
4502
498
514
1983
6909
6339
3645
5375
3392
1495
1623
1258
1711
5186
3212
2808
5010
2007
6300
6271
4640
23
7097
4248
2761
5316
6592
310
4816
5336
5718
4694
6483
4351
4440
1330
5015
3039
1240
4465
5161
3618
5639
1598
4810
3447
541
1681
6951
6398
6405
3700
7098
2745
6266
3741
6082
3417
1582
4185
5684
5501
2388
5896
5737
5427
1494
5991
3585
4580
3156
5051
4823
2641
935
3569
6426
794
5417
2255
3650
4926
685
3066
4009
4857
3796
2607
1489
3470
900
1973
4853
2453
6066
2893
1644
3759
1358
6908
34
3880
2635
3381
5136
4583
1768
5861
4957
719
4475
1030
1864
4955
2708
6665
3606
7086
6182
6846
6030
2914
6366
4040
3890
5516
1880
184
5629
6538
4460
3753
6901
6601
7004
778
3263
3455
4616
4866
4509
613
5740
6268
2379
4992
483
2387
2882
3230
6826
5267
4916
5335
1134
438
3290
4559
6442
3007
1403
3677
1823
5983
2950
2656
6571
643
5354
3269
4234
5945
4218
2112
3286
3878
3507
3061
156
1946
4093
2412
6624
4349
6933
5880
5
2817
2565
2685
622
462
2703
4879
5984
5734
4898
6795
5302
2207
4143
5495
6956
4524
3331
563
1301
2709
2154
6572
5332
1593
3322
6808
5893
1331
2417
2528
214
5674
2075
4740
676
6390
4586
3857
2048
2636
6779
2885
1580
3875
3619
1185
5413
3686
4077
823
4273
3982
5986
6065
3010
2462
1615
6211
5556
2585
1318
71
2547
2791
6821
3245
3504
6303
7018
6091
3058
4028
784
3587
6317
5201
2558
2039
2610
6020
4713
6368
3122
7075
4259
4358
6057
5806
4294
3678
918
162
4963
934
2404
6682
4861
4993
5577
5723
2158
5615
1085
2517
4631
2335
3220
2458
1398
4623
1360
2718
5514
5742
1985
6225
4592
4144
5658
4596
2072
3195
623
3992
3516
6217
939
6550
2915
3368
6591
5490
73
1448
5687
3781
3145
1810
6078
6188
5411
4819
1755
5116
3150
6110
453
2536
2500
2380
5090
3676
1062
5910
2363
3610
1830
2881
5925
2136
6177
3948
5438
3098
555
3675
5275
6586
1906
2357
5178
3091
315
5340
1923
5446
3647
4897
2867
1630
1638
3445
4486
1843
3167
2094
728
2296
2238
192
6828
1978
3524
5093
5692
3607
5936
5306
2382
3414
3275
4973
1680
942
6486
4458
2028
242
356
5356
3216
4205
3009
1041
5574
2731
5319
2884
5144
1561
2765
6761
5654
7008
578
2889
5575
4000
2423
3751
6931
188
5793
95
3809
3307
4757
6411
5406
1526
2549
1618
4048
3019
1631
5436
1543
2594
6460
4373
5130
3222
2922
2347
6521
4107
3685
759
4912
6412
4457
2223
2245
1634
199
2832
266
1774
171
4531
5700
5105
6184
4821
6479
6085
3560
5874
2792
6940
3328
7003
4088
464
978
4021
4065
5179
6947
2323
2684
2801
760
6067
3316
869
1252
505
1394
2640
832
2845
317
4748
4753
5633
5479
5050
6415
1065
691
3814
683
5299
7009
1220
1714
6954
3877
1868
2201
4798
110
3099
3403
804
1411
2895
2785
6026
6848
5822
1245
2931
4365
5686
6878
5745
3160
3495
6403
121
4249
1544
4091
1010
1151
5872
6628
6477
2512
6148
4697
2752
2464
3424
5914
234
3825
6548
6279
3242
6169
3476
3924
5169
1760
6040
5525
4928
4036
3777
3822
2120
2437
5172
3703
2234
3916
6510
1605
3756
6644
3608
5724
4612
4374
5998
434
5597
625
4491
2645
5291
6814
1998
6815
970
4799
941
6191
6223
5338
5811
3984
6936
1670
5018
50
2106
1143
395
1170
5634
989
3001
1484
6856
6552
3463
3552
7064
2105
2793
6707
4906
3064
2847
3596
2447
4922
5382
5752
1221
5557
5522
5612
3784
6793
4018
874
1291
993
5388
5031
5422
3860
1133
2899
227
5725
558
3485
2073
2600
1294
1841
2026
4541
1432
1224
213
5906
4742
6648
1203
3556
1235
4777
5958
4937
5233
4169
6549
340
1445
2564
3590
334
2322
3666
1848
5591
5030
250
6395
783
1718
6461
5390
4194
6311
2391
580
5346
2457
3799
2815
1702
4814
6823
2485
6996
6577
2783
345
2716
5509
4178
1128
6660
5626
2486
884
4996
6941
4306
1210
1454
3913
3002
5472
1624
6171
7080
1703
6874
945
3287
1316
120
1706
3602
20
5412
1383
4714
4610
6117
3247
1792
3410
2230
2006
1911
5059
3035
487
3696
919
6504
4240
5217
107
5537
6097
3925
5133
2484
6348
792
3744
4628
3040
4606
590
4550
5555
3609
5414
6259
1654
358
4017
5887
3939
2854
5731
6864
5901
3941
721
3482
640
4382
5112
4845
4245
1622
1277
2142
3672
5439
6802
5447
6787
3063
1439
5761
6832
3223
680
1879
4918
5008
2394
1757
5263
4183
3082
65
6784
3008
962
2214
2567
4802
5646
2044
3375
6198
5942
1263
6248
2446
3177
1878
6786
206
4369
4987
842
1124
6522
1925
6889
4646
5204
4431
409
5111
726
1397
331
3549
3662
4215
5739
5605
838
3808
3770
2282
1259
2354
2507
1858
1230
5209
2005
6939
4665
1251
5241
545
1568
6559
1055
4286
5025
3990
7024
3553
4659
4508
5185
5992
5235
6482
3217
6016
6108
4904
6306
3467
1059
917
167
412
5191
1977
5216
2917
3293
6539
4341
4749
1281
1182
1531
5924
1022
5475
5969
1147
4152
5845
2843
6735
1238
550
895
5250
6496
2065
4283
3493
3555
6593
3681
1604
4198
369
3717
364
4326
5795
198
2717
1794
902
278
5696
836
698
4104
2216
6982
1766
6668
3191
6999
4488
6727
4376
5941
853
3226
1626
361
1481
3139
2200
6527
4407
40
3270
866
981
2806
3273
3852
1002
1303
2448
6580
2855
3866
3904
4708
6619
1118
1327
6205
3371
2481
3625
3353
2919
5566
4392
5774
2784
1034
1754
2941
723
1901
3379
2224
6563
3973
2868
3303
3000
5327
38
3738
3899
256
6028
3118
488
6492
21
423
1679
3870
6014
6991
4468
3900
2695
160
3988
6825
4565
6159
2909
5117
5073
3054
3205
3564
1348
1988
3937
4712
4794
1102
1035
3152
425
6132
1342
3075
2489
6298
2338
4844
2570
6512
2518
3506
3758
2958
2892
2148
5630
365
6957
4253
4824
5855
940
2828
4919
3083
6918
3682
2246
4947
451
5602
7074
6077
6038
1325
437
2834
503
13
3491
2762
5071
1375
4747
5680
3337
6236
4521
3742
5844
6917
4042
4031
4605
2330
688
2787
504
6133
1163
5894
2360
1979
4661
1974
4135
174
6022
796
6704
5644
4001
2402
5012
249
892
4179
6419
5013
2796
1025
3597
6023
6658
4985
4627
2587
3085
4129
1190
5606
3987
5820
5251
1784
126
2294
4679
3523
1075
6093
6257
5189
2566
2143
5534
4703
624
1564
2660
690
217
2596
6458
5175
6036
3995
1024
5678
5092
27
4334
3867
3164
3407
7091
1149
1857
5361
496
2173
6726
3912
3254
3314
16
1694
1750
3972
5866
1357
765
6693
2560
2169
4946
6934
4581
4648
4838
2617
4908
985
5988
3033
5826
3218
5385
1356
7040
1405
5384
3923
1786
6185
4483
5441
146
5095
353
1647
5733
5194
6406
6684
3663
3425
3018
5453
406
5907
5341
3259
880
4015
5004
4894
1752
4473
2286
2198
973
4217
4436
6853
6270
519
5070
1959
2261
4796
5474
1455
4809
5618
3240
5368
5589
118
3095
4602
130
6490
1964
2686
6414
6699
6071
4716
2088
6114
6331
1317
6087
6053
2009
5097
2110
3028
3714
5518
5987
4260
2385
2918
6544
4572
6421
7049
506
656
1595
3454
3442
1619
6857
119
6079
5041
5765
2152
3687
2011
7014
5182
2728
6049
2837
1088
6434
4864
3541
5040
3385
6276
3068
1279
2721
1093
5579
2113
5704
75
7016
2948
3762
5298
5533
3176
1099
5802
2712
1248
871
6816
5834
7082
3380
551
1077
1174
4333
3651
536
553
2822
4690
1286
153
325
2753
5797
4395
4538
6609
3006
4704
5115
7073
4121
458
4702
6754
5219
812
6925
4510
4147
231
6575
6491
1781
2954
2333
2582
2171
5738
6675
2692
3812
5424
1793
5173
1475
5965
1456
81
1749
888
1687
91
996
5171
166
6031
4529
3747
5268
2956
766
5094
3268
946
2419
6481
1297
4893
5032
2926
1122
5642
5174
3894
2601
3575
2190
5503
729
5362
3544
1806
195
7001
1660
2629
6003
5283
26
0
380
1497
3840
2953
4976
5781
6181
383
3849
2942
2052
3886
4793
3537
1260
3378
834
2740
1791
741
3341
100
3621
850
430
5407
3285
2523
5277
2829
5916
607
2023
4455
3208
5660
2250
2891
2406
106
6632
4098
5099
2584
3238
4250
828
1243
6807
3079
427
4990
6048
3382
2099
5604
2029
3129
988
4662
1583
4271
6583
785
3721
588
598
4575
2135
3646
3038
470
1385
6180
3767
4695
6299
5347
6953
3347
6566
6728
3067
660
2108
4353
2848
6900
2683
5964
1928
3508
5968
6032
5652
1838
746
5365
5326
6650
3750
2810
7079
5852
6193
5683
5296
6095
1079
920
4752
774
2764
7002
4080
4720
2650
6833
3013
5614
1732
4760
2351
4522
1525
6910
2510
3772
5146
1335
2794
1976
2659
5799
6745
220
3836
1931
3014
6663
4549
5278
6060
6179
2561
1918
2995
3644
5270
5218
9
3271
2168
5898
456
6322
6135
3055
1639
1572
401
4182
2534
2140
2100
2123
2109
1126
1965
2691
1617
1717
6662
5187
1854
1380
474
3617
6469
6256
191
1044
485
6173
3355
5223
3096
5996
5396
1924
5786
2738
5085
2444
3533
4719
1322
659
3076
1910
3713
739
2912
3346
6254
5549
1349
7062
2773
4709
4553
72
314
6010
718
1837
149
951
6578
1690
4642
6410
594
3175
3732
4044
5568
3267
1339
168
2172
2779
1262
5061
5165
2082
4637
3277
1153
2923
6768
4808
4944
2273
2747
4600
441
573
6383
4577
995
2369
4621
3207
6966
4037
1914
1518
549
2336
2101
2
3963
1390
4540
5199
263
5748
2563
6850
4003
5792
1424
4084
4974
4885
5300
1447
6141
2042
2278
348
882
3639
2289
653
4379
3244
6661
1197
5386
3490
6130
3131
6613
2968
958
7028
6790
5421
5625
2964
1828
1168
5759
6464
6897
2395
1730
3705
4763
1816
1756
4672
1384
2210
1676
297
237
1697
4479
2479
5979
2068
5324
6161
143
5419
3616
4100
4089
49
733
1729
2667
2937
2520
7071
5387
417
3302
826
953
6748
293
5548
3737
738
381
4528
323
7034
3060
3986
5313
589
62
1625
530
2952
6147
1407
6896
4383
2037
7096
189
4734
4969
4874
2928
6351
2972
4900
6528
2413
5904
4290
3192
6500
1847
3335
976
1172
1832
1656
377
6872
5261
4901
352
5788
3864
5157
4797
1989
163
3313
6972
925
6581
5269
3649
6546
3340
3133
4741
5782
6178
3071
129
1412
1734
4882
4783
4112
7104
5705
4162
6791
202
2807
1048
4441
2057
4846
4934
299
6304
540
1285
5531
2929
4409
2949
4774
7035
6478
6960
1778
4476
4790
3045
1366
4233
6830
1820
7021
851
5345
6687
4480
6089
2236
2960
3182
5154
3315
6210
534
6042
4669
3409
5899
1345
2205
6771
3630
922
1917
4078
2676
4536
3241
3016
2759
1782
6508
218
5393
2182
5848
2698
926
5756
6839
6993
2875
2393
2655
6743
1280
1268
4229
4954
5295
4800
929
6636
2595
4416
1530
1052
2056
2353
3484
1551
2552
6978
7032
4213
1751
868
786
6435
767
3955
3518
5482
4038
3953
4890
1104
3496
5856
4771
4269
1557
6487
6717
196
4855
1254
670
542
913
3480
4638
7058
4544
5961
1947
2514
5682
6895
2945
845
1090
1078
2669
4210
4611
1013
3754
5100
5252
2663
2403
5685
1350
949
3372
5437
4731
471
5288
6564
6915
599
6683
6310
3917
3876
319
6370
1474
6611
1728
1110
950
6565
5425
6942
6638
1187
4045
2328
4786
605
4212
2491
2442
1851
2309
1070
3146
5378
1738
3181
259
4076
2315
3262
5431
5091
1167
6214
4257
5003
1046
68
3839
103
2804
2781
3376
5801
2440
1537
4696
85
4339
6840
4439
1086
808
3090
3044
1145
2496
4743
4872
4983
5082
6409
6541
6149
2016
5245
1305
1449
1545
4507
4811
3460
4140
3927
494
6006
6664
1893
6241
6475
6871
5192
2975
200
6494
5640
6847
6519
2661
3668
2870
1029
481
194
5063
833
1321
3934
5728
1584
318
4995
562
4435
6672
1856
6718
5879
5526
2366
2729
1645
2515
67
2887
5176
6968
6288
6323
2643
6192
5053
2672
3514
5294
5312
992
1228
59
3292
6765
3012
307
2191
5487
479
4275
4994
155
2311
586
840
6764
5000
1641
4687
2798
6488
6986
7033
4930
3032
4299
5884
3137
3227
6992
6172
5849
2308
6903
5840
6511
3276
4534
6374
2666
1731
4818
1677
4279
567
6877
2463
5304
6070
328
5932
5709
991
5946
399
6635
1689
6290
3213
6558
6021
6523
1256
5767
2306
5007
4516
986
3358
4953
1875
3174
1699
5664
3679
4970
436
3951
2115
283
2359
6103
841
4881
7065
5773
7011
6499
3298
1725
3369
7076
4964
6714
2657
1969
2820
7053
5594
3768
6950
2239
977
811
5507
3942
1299
5293
3352
5582
1336
1887
782
6470
5231
1733
1234
672
5124
79
2986
6843
651
1213
4490
5045
3429
6981
6027
2872
1473
933
5297
339
1040
3492
2371
405
743
2598
6083
2405
510
5054
3761
6124
4402
5558
4320
5448
2649
3947
5430
3734
3357
295
2493
952
2297
3428
2104
814
3127
3728
602
5620
3327
788
3080
6100
2509
5736
1958
4291
4688
692
5583
4728
1304
955
1721
333
6399
6774
5498
4426
5011
3933
1962
2244
3106
614
5197
3898
1891
1570
2111
2816
4833
1649
4270
56
975
2227
3798
2623
2473
2204
6732
3432
1467
1127
3413
6439
5150
3351
960
2744
61
4805
1668
6767
6587
5494
454
1608
5429
2940
2217
350
852
2994
1346
6503
6167
6313
6603
4438
909
4639
5837
3169
2420
6989
4494
1420
6357
3670
1487
695
601
893
3586
6497
6387
3
6365
1899
2383
2290
5918
3464
1015
2844
6369
4843
4264
1926
1418
6388
2525
1724
3435
903
937
3026
6061
4387
883
185
763
6902
3253
3398
5807
2475
3503
2605
4682
4839
5688
2652
2070
6818
3731
4222
5084
911
4114
5519
2199
426
5096
1519
2668
3419
4167
1995
2935
1753
6561
86
4201
1051
269
421
304
2307
2350
805
243
4902
1997
6064
5790
1319
2274
2886
108
5357
5881
6105
3198
6633
5935
592
1870
4325
3964
6218
6137
74
2770
3004
4717
3336
1533
176
4059
187
954
2275
707
4862
3660
4594
4775
1326
2778
4136
1723
1067
1767
6685
773
6051
3641
1896
2247
3847
6125
2107
6834
1666
3871
740
5694
6501
83
6119
1547
8
5350
6131
3186
3931
6746
4115
6221
2036
1740
5651
5858
4014
1540
658
3690
6979
5841
1274
4495
5121
5151
6443
54
4595
3548
6062
1183
96
1343
4146
4425
1094
1770
752
6432
3702
6069
3848
1935
1657
6980
148
3374
6301
1929
1265
5523
1066
3022
697
1253
3780
2131
6845
4591
3394
3114
1098
6465
2559
4896
4300
6667
5948
5702
1646
3163
2362
15
6344
6562
584
6553
1672
28
4735
1244
1247
6385
1565
7010
362
2555
3056
2932
10
2628
4680
1527
1466
2930
2998
4999
4083
6145
1769
3896
4069
3603
944
1780
2611
1539
3545
5402
5814
1743
817
3345
197
3577
349
6233
2586
6567
5463
4082
4630
445
1222
1171
11
1853
336
4826
6731
5348
802
2062
1814
6120
4700
6381
4551
5794
2732
1242
7036
5838
1920
2035
859
983
6534
520
4847
235
6560
403
4848
4046
5783
2396
5779
5940
6175
4841
157
1367
1812
916
5017
7070
1028
2679
5264
5713
5367
2748
2947
1507
6455
4950
3695
4149
12
3889
2730
3364
5253
5159
1664
5461
3411
830
3594
5776
3281
5265
4620
3360
1955
531
386
1797
6959
5317
5395
6938
4750
5897
1992
5829
5527
5732
1441
2533
4832
1667
4020
1603
3522
5284
621
2625
5698
4418
821
36
2292
1921
482
1562
1159
502
5403
3046
6760
4873
4452
1552
5089
2921
4784
6297
3881
2150
6867
3543
1241
2126
5714
3785
3915
3983
5867
354
5581
2225
3858
1800
2149
1018
1937
6438
7088
2865
2000
6253
4370
7089
6690
248
4933
2408
3729
5034
4880
4754
3531
3097
4444
4500
6453
476
6052
1399
1264
5114
2185
2648
4511
6165
4523
6296
6377
1586
2830
1903
4478
3969
6247
3050
1808
1957
5926
5780
113
4124
3404
6373
4958
2161
511
2157
4650
3580
5662
2321
857
5532
5164
3329
3299
3426
4835
132
2280
3565
4514
2878
5854
2805
1824
1636
3246
6037
3065
4657
3869
6332
89
3304
6267
5236
2506
1437
5232
5911
4030
5768
4122
2888
1108
3752
801
2799
554
1982
619
2259
3846
5585
5766
5892
6393
6851
6629
1761
2715
4850
2711
6054
5455
5593
4911
4184
1804
5947
4398
2944
1815
4852
2243
5206
6372
6116
3135
6284
620
5839
3828
4989
1386
2873
2159
2541
6862
982
3765
4470
1192
2138
877
5409
2125
2853
1372
5994
4978
4097
2344
5397
5142
4354
4295
6166
5318
1435
1759
1382
47
2129
2634
548
1748
5666
835
5134
7067
6249
245
4314
6835
3604
99
4803
2720
6653
3209
1181
1898
6753
2701
5240
5873
4718
433
6273
2045
6974
17
4247
4060
5757
1006
2443
5221
1431
5002
4415
6627
4698
5619
3024
6349
1103
3446
5140
5254
6875
6480
6705
4849
2833
1087
3459
5290
29
6998
2334
1512
3976
4773
2869
3423
5729
2553
4127
3763
4945
1101
2936
3406
2743
51
2316
5360
5847
1971
6358
4883
7094
677
6318
1199
3193
3708
3427
287
5476
1208
6970
1546
2630
4301
5971
3520
5755
6129
4087
3921
6800
5398
5036
4927
6744
1100
5943
6505
1790
6715
6543
2281
1685
6143
102
4770
3775
822
3512
4870
3405
4568
170
2134
2436
257
5571
664
4558
4132
5400
5649
52
6451
5155
3930
3701
5353
5167
4722
6196
2577
4807
6485
574
3800
1798
2483
5056
1716
3910
5607
4151
710
343
3138
4074
2438
513
58
907
2675
5850
1219
4359
1146
2939
1255
1523
6401
1054
1844
585
2535
6891
2146
984
3573
2069
4361
5443
3991
1186
7039
3977
6988
517
5587
208
5843
1744
6701
2266
344
2726
3140
2739
797
5754
3436
1602
305
4199
2031
6600
2992
6201
3620
1292
3481
2381
1157
1396
4221
7000
876
258
6536
2581
1311
1470
3494
2638
1628
3795
5668
2537
5638
6315
5974
1121
5243
5512
2814
4829
2467
397
3831
1556
3421
1446
30
2095
6963
6517
1406
3783
3144
5667
650
1745
4921
4172
5864
6441
1596
2713
5812
2480
2141
6433
3187
69
4461
5853
2084
961
6844
3412
3993
5842
2985
6666
6041
5364
3317
3664
795
4827
7048
4164
6081
6863
14
309
2091
906
3683
24
5747
2346
2431
6625
6176
1818
2397
1873
3697
4134
3863
4960
359
2342
4109
2591
2124
3730
6498
4170
4165
2024
1807
1189
5889
5833
2299
1107
4471
3978
3300
2746
6734
6098
3349
5062
2421
6922
4649
864
1409
246
6723
3874
5415
4261
5832
3111
3393
753
3794
1953
6596
6423
286
587
1801
612
3488
3256
873
4207
820
2460
2177
543
6841
4878
5928
6870
448
3745
111
6316
5580
2270
3692
1218
6778
2074
131
3289
1574
2905
4004
2571
5835
4223
1746
6107
5564
611
5809
6417
2377
1855
616
6626
3671
1092
5334
3202
2425
1161
4656
1156
6607
3173
3367
3500
5508
5963
5308
4936
4292
1682
4555
2426
1137
3946
6004
5237
1352
5578
1633
4736
4278
6472
1175
4033
1225
2329
4801
4209
4239
5052
1233
1520
4360
2900
94
963
1613
2539
5497
4348
1457
4410
2151
2165
5789
33
6916
4585
3538
4629
2734
2938
3528
4420
1999
1471
3104
2355
2192
987
225
5697
378
5370
887
6058
2399
6068
1509
6518
6810
772
3089
6540
912
2490
6206
6890
5758
3635
6389
2418
4430
6799
2554
5342
1927
6354
6484
6516
6570
6046
3748
881
2202
3031
3462
931
736
606
6797
6955
371
2492
4063
4597
207
4967
5610
6309
2459
3928
3483
374
4316
5938
4012
618
2616
4542
6347
5259
2861
1131
3157
1758
3084
351
2542
1463
3497
5616
3052
3113
862
6285
2015
140
6750
6676
446
5195
1464
1422
1590
5804
4130
6396
7
2375
63
1
3546
5681
2719
4231
2511
447
1451
7095
3402
4317
1700
1232
5710
3790
7026
3816
1344
3954
3719
6617
4368
435
2327
4150
1136
2021
2401
2789
6447
5628
5113
6194
306
7063
4643
1915
408
5359
2821
4552
116
1549
2823
1016
19
3487
1897
2449
5177
4423
810
673
2957
4342
5273
7037
636
1713
806
3733
422
1296
459
6213
77
4725
3416
5665
5966
6869
1967
5846
6075
2772
5072
6151
3669
4762
3115
1902
3237
5877
5138
1860
4733
1648
4211
6977
6533
6280
2116
3162
2857
5659
1132
5560
4952
6686
2203
6321
4851
5320
4485
3971
1708
5647
5721
3801
769
1542
302
5330
2842
2532
3760
4399
6462
617
375
3211
2670
2727
2977
5500
1173
3151
568
3391
3936
3655
3688
1109
5959
5069
556
3036
6392
391
4163
5410
2632
3918
1627
5653
1486
6597
4744
2503
6574
957
6092
6319
4414
2894
3707
1653
3443
1867
321
4766
346
5663
1096
1391
379
6338
5627
4884
2407
431
1485
4573
6104
6150
3550
5180
5699
2376
5673
6200
4547
2979
2331
4660
3194
3640
1324
6327
3325
3231
1952
4482
2176
3077
6694
2615
4385
904
6651
1353
6215
6775
43
4180
122
6015
4721
4466
2916
4997
1949
4560
396
6995
4576
2502
39
5990
2293
1423
1442
7101
1045
2838
1715
6033
4454
5922
2164
4396
924
1560
7052
367
4788
1178
1850
6801
2860
641
6885
3233
1833
687
994
854
3108
1011
2590
575
2063
5328
4123
3321
666
4386
70
4367
6050
3320
4607
754
1019
5035
663
1960
6242
4676
1073
5535
2604
7020
205
3332
646
5818
4899
6506
4297
6526
5719
5895
5596
1483
2864
5569
6532
31
1020
1907
897
6913
2356
5203
5080
4962
2818
5459
776
1419
5661
1498
2465
3884
6335
4603
1987
41
6391
5902
3774
5735
2927
535
3119
5730
3642
2544
3318
3438
1341
1236
5785
416
3827
2002
6892
2019
6096
4236
3804
1874
1811
508
5349
5086
2089
6610
6362
3094
2802
2572
6969
209
4071
255
1803
3155
2697
4554
4663
5404
875
6454
6340
2576
1329
779
1809
4090
647
6376
5282
1554
6630
532
6836
5885
867
5882
6588
5677
3932
6350
5821
3383
6168
1737
262
5819
4255
2999
7105
238
3305
5900
5163
4567
516
1892
1576
6759
432
1900
2876
6237
6659
2189
7100
5930
4191
3188
6531
3486
2699
2067
5076
3142
3779
6101
5592
5595
2680
6923
3521
6139
1032
3547
5545
758
301
3989
3308
3431
725
5623
4530
708
461
1413
4008
486
296
5528
2059
4778
1566
5871
4644
3400
313
5181
5333
4513
4590
2850
1371
6984
2433
4095
473
2237
5119
5915
5635
4599
4462
1095
6088
4447
2880
1678
6598
5529
6361
2226
1796
124
1588
457
2367
1984
1416
2800
4329
370
4506
5227
890
2780
3249
6792
1193
3132
4686
3623
4448
3078
4842
668
2974
6608
1047
3354
1057
4024
6226
6384
2010
1359
4624
5323
1597
3282
3370
4252
6798
5499
3439
5772
4190
1559
5087
2981
3069
2008
2647
6729
3005
894
5074
4192
6698
1363
2603
2365
2776
3534
244
4601
1388
6328
4923
5485
6186
4110
6281
1116
466
6202
6945
6751
1845
1861
4545
6733
4049
3183
2671
4792
2911
4972
552
4099
3720
4789
4840
5547
3344
521
4761
2252
2859
5862
7092
3535
2392
3709
4330
6855
3350
6011
2742
3854
6819
455
5281
3591
669
5746
5711
5083
2291
37
3926
5951
3567
142
6
3766
7045
387
5380
5676
5931
1826
3956
1003
6642
6342
6408
84
152
4058
4614
3048
829
6803
117
5230
1655
2688
932
2665
4101
4769
78
6640
4288
2733
2898
4831
5379
3740
4315
675
4429
4166
5976
4791
4262
936
6013
2277
5014
569
6722
5632
6235
2326
5271
3185
1351
4251
4019
1433
6355
6631
6289
3501
5489
3461
2987
1684
4931
3722
4219
2578
1257
1082
1980
5863
6515
1642
4119
6154
223
3815
5565
6639
1872
2197
1160
2220
5831
1438
6224
4948
3257
5590
7025
5292
125
684
1049
5707
173
547
682
4768
6804
762
4515
1362
4289
2706
930
4951
6056
382
1739
2119
1777
6529
6943
3885
5247
5434
6278
908
4225
4196
5796
6647
221
2208
2681
5428
2754
6459
3823
1504
6911
5246
576
2597
4013
6737
6975
2896
4764
6197
5546
4177
2061
1802
1290
4103
4647
2196
2504
3359
2181
3511
3465
3498
3861
158
1585
1658
5933
730
4738
172
7019
6072
1194
5376
6450
5588
1229
3919
2478
923
4307
4487
5107
2856
5613
114
5559
3853
6346
6958
5103
4613
4667
3628
1592
2811
5037
2866
3264
3792
2556
4364
1621
1940
1863
1789
5200
5081
3574
2943
3974
6353
6230
744
4243
1529
2183
4499
2725
1415
1038
3110
1919
3074
2696
2529
2803
1996
3975
6436
3047
4746
1663
1276
5139
6195
3595
1669
5067
182
413
2139
1705
3525
4131
1284
444
5321
2127
3803
6990
7056
2827
3850
6914
4220
4389
1511
565
5079
4681
2575
5160
4362
6973
1637
4925
4266
104
2162
751
2020
4548
2078
5401
1524
4267
4195
1053
2819
4200
2879
2179
2996
6907
6122
2018
2364
6329
4011
7047
4539
4564
5129
745
3540
2304
4281
1772
4128
6002
965
4241
87
4054
6711
4346
4023
5603
2215
3872
1273
2973
4651
5058
3389
3698
3638
316
1283
6677
2862
1007
1736
571
3629
2087
1176
4518
6713
3509
7099
2450
6678
5458
798
1289
5810
6282
2531
3895
6813
1337
5445
6099
3999
2763
914
6585
1611
2033
1517
1226
3294
4875
264
2193
6155
2103
997
5020
5917
1113
4498
4877
4073
215
4533
6680
6773
4664
4449
3456
1009
5110
6136
3994
385
3203
80
3581
781
1886
6231
4072
4705
1635
3566
5125
5352
2285
3778
101
6962
2963
5285
6783
373
420
4158
291
3776
123
2482
6965
1266
4463
6055
5193
6183
3712
2624
2970
5717
4052
5435
294
5462
3855
4556
6976
6007
6404
1478
1704
2361
2662
4910
2498
980
943
5170
500
5921
6949
2913
1600
2081
2470
5256
4617
2468
133
6739
3600
4683
6886
4609
7005
5442
705
6547
5520
1310
5764
1865
4413
5552
5669
1231
6935
5908
1846
5188
6599
410
1522
2991
260
5989
6272
3945
4891
3906
2982
5214
2513
3922
3025
3200
5371
2414
4352
5215
5077
6115
3526
1378
3914
4284
7023
544
229
2372
6812
2144
2040
2602
1779
5995
1567
5622
731
3201
1532
3837
5258
948
5279
1643
4120
5023
2551
5712
538
1482
4371
2908
1005
6449
1056
2153
3178
5708
5109
2258
4863
6244
681
1934
3873
1852
3179
5706
2229
5184
6359